12724
12502
10328
6546
1732
-3406
-8050
-11540
-13296
-13080
-10904
-7120
-2306
2832
7480
10952
12702
12436
10326
6448
1724
-3448
-8144
-11276
-13800
-10348
-2658
2188
6850
10662
12466
12662
10640
7094
2368
-2818
-7588
-11220
-13170
-13196
-11266
-7638
-2902
2244
6992
10620
12612
12630
10682
7062
2354
-2794
-7550
-11214
-13184
-13206
-11278
-7640
-2900
2242
6986
10604
12610
12646
10702
7092
2350
-2796
-7556
-11212
-13170
-13206
-11268
-7660
-2930
2244
7008
10634
12638
12642
10694
7078
2356
-2794
-7556
-11214
-13184
-13218
-11260
-7632
-2898
2242
6984
10622
12628
12644
924
576
92
-442
-940
-1334
-1594
-1636
-1484
-1142
-662
-128
380
776
1026
1060
912
592
122
-414
0
-1
0
22774
0
4
1
21240
0
0
0
22248
0
14
1
21242
0
0
0
22764
0
2
1
21244
0
22360
0
22774
0
3
1
21246
0
0
0
22226
0
14
1
21248
0
0
0
22764
0
2
1
21250
0
0
0
21024
0
13
1
21252
0
0
0
21288
0
13
1
21254
0
0
0
21024
0
12
1
21256
0
-1
0
22774
5588
5796
5974
6137
6260
6355
6437
6479
6502
6482
6433
6367
6280
6156
5994
5814
5608
5389
5127
4848
4558
4236
3905
3547
3178
2796
2399
1992
1564
1144
720
292
-148
-595
-1028
-1460
-1876
-2297
-2716
-3104
-3489
-3861
-4209
-4543
-4853
-5142
-5422
-5670
-5891
-6099
-6275
-6423
-6551
-6648
-6717
-6757
-6778
-6763
-6719
-6657
-6556
-6442
-6297
-6119
-5921
-5692
-5449
-5183
-4888
-4571
-4241
-3890
-3522
-3143
-2737
-2334
-1920
-1490
-1060
-625
-199
239
673
1109
1542
1947
2353
2755
3143
3515
3864
4204
4526
4825
5101
5348
5588
5791
5975
6130
6254
6360
6438
6479
6483
6472
6433
6374
6272
6135
5987
5809
5605
5377
5119
4848
4551
4234
3901
3559
3190
2800
2407
2004
1580
-1490
-1060
-625
-199
239
673
1109
1542
1947
2353
2755
3143
3515
3864
4204
4526
4825
5101
5348
5588
5791
5975
6130
6254
6360
6438
6479
6483
6472
6433
6374
6272
6135
5987
5809
5605
5377
5119
4848
4551
4234
3901
3559
3190
2800
2407
2004
1580
0
0
0
0
0
0
0
0
0
0
0
0
0
0
0
0
0
0
0
0
0
0
0
0
0
0
0
0
0
0
0
0
0
0
0
0
0
0
0
0
0
0
0
0
0
0
0
0
0
0
0
0
0
0
0
0
0
0
0
0
0
0
0
0
0
0
0
0
0
0
0
0
0
0
0
0
0
0
0
0
0
0
0
0
0
0
0
0
0
0
0
0
0
0
0
0
0
0
0
0
0
0
0
0
0
0
0
0
0
0
0
0
0
0
0
0
0
0
0
0
0
0
0
0
0
0
0
0
0
0
0
0
0
0
0
0
0
0
0
0
0
0
0
0
0
0
0
0
0
0
0
0
0
0
0
0
0
0
0
0
0
0
0
0
0
0
0
0
0
0
0
0
91
93
1
91
0
0
1
1
0
0
8114
0
11294
126
0
0
0
0
402
804
1206
1608
2009
2411
2811
3212
3612
4011
4410
4808
5205
5602
5998
6393
6787
7180
7571
7962
8351