12724
12502
10328
6546
1732
-3406
-8050
-11540
-13296
-13080
-10904
-7120
-2306
2832
7480
10952
12702
12436
10326
6448
1724
-3448
-8144
-11276
-13800
-10348
-2658
2188
6850
10662
12466
12662
10640
7094
2368
-2818
-7588
-11220
-13170
-13196
-11266
-7638
-2902
2244
6992
10620
12612
12630
10682
7062
2354
-2794
-7550
-11214
-13184
-13206
-11278
-7640
-2900
2242
6986
10604
12610
12646
10702
7092
2350
-2796
-7556
-11212
-13170
-13206
-11268
-7660
-2930
2244
7008
10634
12638
12642
10694
7078
2356
-2794
-7556
-11214
-13184
-13218
-11260
-7632
-2898
2242
6984
10622
12628
12644